#include "structuralVariation.h"
#include "Calign.h"

// #undef DEBUG
// #define DEBUG 2

static Ident Id("$Header: http://svn.bnm.local:81/svn/Informatics/RefAligner/trunk/structuralVariation.cpp 5337 2016-09-18 09:02:09Z tanantharaman $");

//globals used only in output_smap.cpp and structuralVariation.h

const char* transintra_name           = "translocation_intrachr";
const char* transinter_name           = "translocation_interchr";
const char* transintra_overlap_name   = "trans_intrachr_overlap";
const char* transinter_overlap_name   = "trans_interchr_overlap";
const char* transintra_repeat_name    = "trans_intrachr_repeat";
const char* transinter_repeat_name    = "trans_interchr_repeat";
const char* transintra_duplicate_name = "trans_intrachr_duplicate";
const char* transinter_duplicate_name = "trans_interchr_duplicate";
const char* transintra_common_name    = "trans_intrachr_common";
const char* transinter_common_name    = "trans_interchr_common";
const char* transintra_segdup_name    = "trans_intrachr_segdupe";
const char* transinter_segdup_name    = "trans_interchr_segdupe";


const bool smap_xmapid_col = true; //include the xmap entry ids in smap; could be moved to parameters.cpp if promote to command line arg
const bool smap_linkid_col = true; //add column after XmapIDs for LinkID
const bool smap_labelind_col = true; //add four columns for label indices after XmapIDs and LinkID
const bool smap_xmap_allpairs = true; //don't just take neighboring xmap entries, take all (unique) pairs
const float sv_overlap_frac = 0.8; //fraction two svs must overlap to be called 'the same'
//int smap_genotype_ngroup = 0; //count number of genotypeGroups
const double translocation_overlap_buf = 50e3; //buffer around translocation breapoint for overlap

//need next three vars for tranlocation confidence: mean vector, 
//                               Occurrence.mean      Occurrence.max   Fragile.max.max    Occurrence.mean.bp
const double trans_mean_vec[] = {8.475774e-01,        1.163477e+00,    1.297754e+01,      8.117338e-01,
				 //Occurrence.max.bp  ChimQuality.max  nMG12              gapNlab      
				 8.583354e-01,        1.339591e+01,    2.035769e+00,      8.816215e-01,
				 //BPvrlpSize         nMG              gapSize 
				 3.212623e+02,        2.403168e+00,    1.346999e+04};
//covariance matrix for computing D^2
double cov_inv[] = {
2.344681e+02, -9.187475e+01, 4.671873e-01, -9.978937e+01, -6.022090e+00, 1.325726e-01, 1.277356e+00, -8.820539e-01, 2.006067e-04, -1.250822e+00, 9.053457e-05,
-9.187475e+01, 5.365974e+01, -3.707881e-01, 4.251637e+01, -2.071599e+01, -1.476644e-01, -6.556261e-01, 3.365950e-01, -9.327286e-05, 3.748683e-01, -8.692991e-07,
4.671873e-01, -3.707881e-01, 2.612783e-02, 2.501215e-01, -1.621776e-01, -2.165902e-03, -2.838879e-02, 1.112197e-02, -3.029364e-06, -1.514543e-03, -7.599997e-07,
-9.978937e+01, 4.251637e+01, 2.501215e-01, 5.623775e+02, -4.918152e+02, 1.995284e-01, -5.301193e+00, 1.616752e+01, -9.929470e-04, 4.281066e-03, 3.723877e-05,
-6.022090e+00, -2.071599e+01, -1.621776e-01, -4.918152e+02, 5.001455e+02, -1.229658e-01, 3.893722e+00, -1.475109e+01, 8.199814e-04, 5.611489e-01, -1.280411e-04,
1.325726e-01, -1.476644e-01, -2.165902e-03, 1.995284e-01, -1.229658e-01, 2.559985e-02, -2.224769e-02, 7.786831e-03, -2.199259e-06, 4.113321e-03, -3.237864e-07,
1.277356e+00, -6.556261e-01, -2.838879e-02, -5.301193e+00, 3.893722e+00, -2.224769e-02, 1.270530e+01, -1.623433e+00, -4.884736e-05, -2.344787e+00, 5.575866e-07,
-8.820539e-01, 3.365950e-01, 1.112197e-02, 1.616752e+01, -1.475109e+01, 7.786831e-03, -1.623433e+00, 4.903512e+00, -2.992718e-04, -9.226783e-02, -8.848676e-05,
2.006067e-04, -9.327286e-05, -3.029364e-06, -9.929470e-04, 8.199814e-04, -2.199259e-06, -4.884736e-05, -2.992718e-04, 1.565327e-07, -1.661547e-05, 1.020272e-08,
-1.250822e+00, 3.748683e-01, -1.514543e-03, 4.281066e-03, 5.611489e-01, 4.113321e-03, -2.344787e+00, -9.226783e-02, -1.661547e-05, 2.085475e+00, -5.044990e-07,
9.053457e-05, -8.692991e-07, -7.599997e-07, 3.723877e-05, -1.280411e-04, -3.237864e-07, 5.575866e-07, -8.848676e-05, 1.020272e-08, -5.044990e-07, 8.341426e-09};

//cdf for D^2 -> probability (confidence)
double ecdfx[] = {1.327981 , 1.734056 , 1.923069 , 2.069802 , 2.182068 , 2.295027 , 2.390234 , 2.485691 , 2.572938 , 2.661399 , 2.736775 , 2.824159 , 2.91665 , 2.996994 , 3.102753 , 3.17878 , 3.255857 , 3.342606 , 3.439689 , 3.516775 , 3.590741 , 3.672423 , 3.749547 , 3.828869 , 3.904792 , 3.978178 , 4.060434 , 4.13618 , 4.206156 , 4.291036 , 4.360105 , 4.426624 , 4.513181 , 4.586971 , 4.671488 , 4.762922 , 4.832319 , 4.9303 , 5.038754 , 5.122038 , 5.207412 , 5.293966 , 5.421972 , 5.537831 , 5.639657 , 5.765992 , 5.875916 , 5.979721 , 6.083787 , 6.228431 , 6.399593 , 6.520387 , 6.678645 , 6.818251 , 6.966424 , 7.093409 , 7.280555 , 7.441616 , 7.582972 , 7.746432 , 7.879245 , 8.046074 , 8.207415 , 8.383305 , 8.529455 , 8.707731 , 8.884509 , 9.123491 , 9.292371 , 9.491697 , 9.728372 , 10.01255 , 10.23273 , 10.49377 , 10.75922 , 11.01175 , 11.36122 , 11.70735 , 11.99954 , 12.36517 , 12.75183 , 13.09071 , 13.55096 , 14.03642 , 14.64201 , 15.24801 , 15.95631 , 16.72448 , 17.38185 , 18.08515 , 19.10594 , 20.33532 , 21.96433 , 23.92873 , 26.36668 , 29.65647 , 34.13201 , 41.5654 , 57.50552 , 92.1187};

//inversion confidence
//                               Occurrence.max    ChimNorm.max Fragile.max.max     nMG      nMG12        vrlpsz12      BPvrlpSize
const double inver_mean_vec[] = {9.664869e-01, 3.524110e+01, 1.354197e+01, 3.588671e+00, 2.139650e+00, 1.956001e+05, 1.369105e+03,
				 //gapNlab         gapSize         invSize         invNlab      minRawConf  nFarLab
				 2.280330e+00, 1.758491e+04, 3.543253e+05, 4.026097e+01, 5.098298e+01, 2.008829e+04};

//covariance matrix for inversions (above is translocations)
double cov_inv_inv[] = {
7.410747e+00, -3.156344e-03, 1.934357e-02, 1.276613e-03, -4.432703e-01, -6.177425e-06, -8.080355e-06, 7.894713e-02, -1.619922e-06, 3.230675e-07, -1.612661e-02, 6.848401e-03, -4.479051e-06,
-3.156344e-03, 1.370309e-03, -1.110220e-03, -3.032518e-03, 2.614407e-03, 3.163748e-08, -1.294696e-08, -9.112113e-04, 8.463249e-08, -3.472834e-08, -5.058310e-05, 6.380762e-05, 3.165679e-08,
1.934357e-02, -1.110220e-03, 2.235730e-02, 4.709375e-03, -1.817094e-02, -4.817148e-07, -6.052807e-07, -4.389719e-03, 7.234730e-07, -4.426235e-08, 5.208391e-04, -3.306058e-05, -1.273217e-06,
1.276613e-03, -3.032518e-03, 4.709375e-03, 2.451645e-01, -3.243969e-01, -6.750663e-07, -4.838933e-07, 1.719500e-03, 8.590444e-07, -4.576877e-07, 2.600072e-03, -2.556454e-03, -7.971123e-09,
-4.432703e-01, 2.614407e-03, -1.817094e-02, -3.243969e-01, 2.575869e+00, -1.451643e-06, -2.582531e-05, -3.749573e-02, -6.815943e-07, 1.606314e-06, -7.855433e-04, -3.110269e-05, -5.104618e-06,
-6.177425e-06, 3.163748e-08, -4.817148e-07, -6.750663e-07, -1.451643e-06, 4.894739e-10, 8.132374e-11, -3.889921e-06, -8.960324e-11, -1.340819e-10, 1.245581e-06, -1.548637e-07, -1.656530e-10,
-8.080355e-06, -1.294696e-08, -6.052807e-07, -4.838933e-07, -2.582531e-05, 8.132374e-11, 1.970097e-09, -1.117080e-05, 9.178936e-10, -4.885048e-11, 4.756278e-07, -2.070649e-07, -8.274574e-10,
7.894713e-02, -9.112113e-04, -4.389719e-03, 1.719500e-03, -3.749573e-02, -3.889921e-06, -1.117080e-05, 6.273107e-01, -5.521343e-05, 2.620798e-06, -2.829185e-02, 5.525098e-03, 3.419240e-05,
-1.619922e-06, 8.463249e-08, 7.234730e-07, 8.590444e-07, -6.815943e-07, -8.960324e-11, 9.178936e-10, -5.521343e-05, 5.475091e-09, -1.772821e-10, 1.385788e-06, 1.841162e-09, -3.152527e-09,
3.230675e-07, -3.472834e-08, -4.426235e-08, -4.576877e-07, 1.606314e-06, -1.340819e-10, -4.885048e-11, 2.620798e-06, -1.772821e-10, 2.186753e-10, -1.677580e-06, -1.083235e-07, -9.011601e-11,
-1.612661e-02, -5.058310e-05, 5.208391e-04, 2.600072e-03, -7.855433e-04, 1.245581e-06, 4.756278e-07, -2.829185e-02, 1.385788e-06, -1.677580e-06, 1.841924e-02, -2.727464e-03, 9.397678e-07,
6.848401e-03, 6.380762e-05, -3.306058e-05, -2.556454e-03, -3.110269e-05, -1.548637e-07, -2.070649e-07, 5.525098e-03, 1.841162e-09, -1.083235e-07, -2.727464e-03, 2.990654e-03, 4.813759e-08,
-4.479051e-06, 3.165679e-08, -1.273217e-06, -7.971123e-09, -5.104618e-06, -1.656530e-10, -8.274574e-10, 3.419240e-05, -3.152527e-09, -9.011601e-11, 9.397678e-07, 4.813759e-08, 9.423796e-09};

//cdf values are different for inversions, too (algo is same)
double ecdfx_inv[] = {0.000000, 1.179212, 1.556351, 1.759510, 1.931891, 2.053569, 2.177434, 2.296571, 2.417840, 2.530012, 2.668030, 2.755910, 2.867986, 2.970680, 3.077678, 3.182430, 3.255534, 3.333596, 3.404182, 3.490746, 3.564960, 3.660836, 3.757613, 3.849160, 3.936571, 4.006723, 4.080853, 4.141076, 4.211544, 4.309972, 4.401351, 4.489169, 4.580247, 4.668514, 4.754075, 4.838443, 4.934211, 5.031668, 5.112287, 5.187984, 5.260692, 5.372681, 5.462173, 5.577066, 5.670361, 5.767454, 5.873470, 5.990387, 6.115443, 6.234778, 6.333973, 6.430796, 6.557156, 6.680984, 6.846087, 6.975087, 7.086531, 7.167944, 7.303815, 7.441668, 7.575359, 7.765069, 7.942601, 8.122321, 8.305435, 8.490242, 8.782865, 9.005400, 9.178808, 9.359080, 9.614720, 9.774810, 10.048189, 10.284763, 10.537549, 10.795655, 11.138676, 11.375123, 11.637166, 11.926350, 12.322332, 12.762691, 13.168662, 13.612391, 14.044004, 14.492835, 15.070250, 15.691794, 16.324981, 17.242256, 18.246238, 19.355080, 20.566574, 22.302625, 24.018374, 26.320804, 29.002722, 33.830106, 40.192365, 52.612010, 104.005368};


extern Cmap **YYmap,**XXmap;
extern int numY,numX;

//write all data to first argument--a file handle
void writeToSmap(FILE *fp, int nsv, long long qrycontigid, long long refcontigid1, long long refcontigid2, double qrystart, double qrystop, double refstart, double refstop, const char *svtype, int xmapid1, int xmapid2, int linkid, int qsi, int qei, int rsi, int rei, double conf, double confl, double confr, double confc, const char* zyg, int gen, int ggrp, float confs, double SVsize, double SVfreq, double SVcov, double SVtotcov, char *orientation) {
  assert(qrycontigid > 0); //using int for qrycontigid causes a long long to wrap to negative
  //qrycontigid and refcontigid don't change from xmap
  fprintf(fp, "%d\t%lld\t%lld\t%lld\t%.1f\t%.1f\t%.1f\t%.1f\t%.2f\t%s", nsv, //normal
  //fprintf(fp, "%-2d\t%4i\t%2i\t%2i\t%9.1f\t%9.1f\t%10.1f\t%10.1f\t%.2f\t%24s", nsv, //better viewing
	  qrycontigid,
	  refcontigid1,
	  refcontigid2,
	  qrystart, //usexmapentries[i]->qrystartpos,
	  qrystop, //usexmapentries[i]->qryendpos,
	  refstart, //usexmapentries[i-1]->refendpos,
	  refstop, //usexmapentries[i]->refstartpos,
	  //'+', //(usexmapentries[i]->orientforward ? '+' : '-'),
	  confs, //usexmapentries[i]->confidence
	  svtype
	  );
  if( smap_xmapid_col ) {
    fprintf(fp, "\t%i", xmapid1 > 0 ? xmapid1 : -1);
    fprintf(fp, "\t%i", xmapid2 > 0 ? xmapid2 : -1);
  }
  if( smap_linkid_col )
    fprintf(fp, "\t%i", linkid);
  if( smap_labelind_col )
    fprintf(fp, "\t%i\t%i\t%i\t%i", qsi, qei, rsi, rei);
  if( smap_zygosity ) { //include genotype with zygosity
    fprintf(fp, "\t%s", zyg != 0 ? zyg : "unknown");
    fprintf(fp, "\t%i\t%i", gen, ggrp);
  }
  fprintf(fp, "\t%.2f\t%.2f\t%.2f\t%.2f", conf, confl, confr, confc);
  if(SV_SIZE || SV_FREQ || SV_ORIENT)
    fprintf(fp, "\t%0.1f", SV_SIZE ? SVsize : -1.0); 
  if(SV_FREQ || SV_ORIENT){
    fprintf(fp, "\t%0.3f", SV_FREQ ? SVfreq : -1.0);
    if(SV_FREQ >= 2)
      fprintf(fp,"\t%2.2f\t%2.2f", SVcov, SVtotcov);
  }
  if(SV_ORIENT){
    if(orientation != NULL)
      fprintf(fp,"\t%3s", orientation);
    else
      fprintf(fp,"\tNA ");
  }
  fprintf(fp, "\n");
}

//for qsort'ing structuralVariation objects
int compare_svs(const void *a, const void* b) {
  structuralVariation *x = (structuralVariation*)a;
  structuralVariation *y = (structuralVariation*)b;
  if( x->xmapid1 < y->xmapid1 ) //first compare xmapID1
    return -1;
  if( x->xmapid1 > y->xmapid1 )
    return 1;
  if( x->xmapid2 < y->xmapid2 ) //then compare xmapID2
    return -1;
  if( x->xmapid2 > y->xmapid2 )
    return 1;

  /* Need to first break ties in xmapid1 by algo_enum, so paired sv_indel type (with same xmapid1,xmapid2) stay together, in case one of the other SVs is using the pair of xmapid's */

  /* sort algo_enum in descending order so sv_indel (= 1) comes before sv_ps (= 0) */
  if(x->algo_enum > y->algo_enum)
    return -1;
  if(x->algo_enum < y->algo_enum)
    return 1;

  //all PS entries should be sorted by above because there are no duplicates.
  // however, indel entries will be sorted by ref (remaining ifs)
  if( x->refcontigid1 < y->refcontigid1 ) //next compare ref id 1
    return -1;
  if( x->refcontigid1 > y->refcontigid1 )
    return 1;
  if( x->refcontigid2 < y->refcontigid2 ) //next compare ref id 2
    return -1;
  if( x->refcontigid2 > y->refcontigid2 )
    return 1;

  if( x->refstart < y->refstart ) //if equal, compare refstart
    return -1;
  if( x->refstart > y->refstart )
    return 1;
  if( x->refstop < y->refstop ) //if equal, compare refstop
    return -1;
  if( x->refstop > y->refstop )
    return 1;

  /* a match on all the above fields should never happen (except for paired Smalled Inversions ?), but if it does maintain original order */
  if( x < y)
    return -1;
  if( x > y)
    return 1;// WAS29 -1
  return 0; // should never happen
}

double makeConfidence(double a, double b, double c)
{
  //use max 0 bc of extreme case where all three confs are large
  double MinValue = min(a,min(b,c));
  double Pvalue = pow(10.0, MinValue - a) + pow(10.0, MinValue - b) + pow(10.0, MinValue - c);
  if(DEBUG) assert(isfinite(Pvalue) && Pvalue >= 1.0);

  double Confidence = MinValue - log10(Pvalue);
  if(DEBUG && !(isfinite(Confidence))){
    printf("makeConfidence(%0.6f,%0.6f,%0.6f):Confidence=%0.6e\n",a,b,c,Confidence);
    fflush(stdout);

    assert(isfinite(Confidence));
  }

  return Confidence;
}


bool overlapPoint(double min1, double max1, double p) {
  return min1 < p && max1 > p;
}

//utility fn to get overlap length if there is overlap
double overlapLength(double min1, double max1, double min2, double max2) {
  return min(max1,max2) - max(min1,min2); //<= 0 if no overlap. Negative values are size of gap 
}


//analogous to alignmentOverlap, but for translocations
void alignmentOverlapTranslocation(xmapEntry **XMAPentries, int numXMAPentries) {// NOTE : XMAPentries[] could be usexmapentries[] or xmapentries[]

  if( !smap_zygosity )
    return;

#if LATE_ZYGOSITY==0
  assert(XMAPentries == usexmapentries);
#else
  assert(XMAPentries == xmapentries);
#endif

  for(int indp=0; indp < numsv; indp++) {
    structuralVariation &sv = sv_array[indp];

    if( (sv.type_enum != intrachr_translocation &&
	 sv.type_enum != interchr_translocation)
	|| sv.duplicate ) {
      //printf("Skipping sv %i\n", indp+1); //debug
      continue;
    }

    for(int ie=0; ie < 2; ie++) { //loop over 2 xmap entries which make the translocation
      
      xmapEntry *entry1 = (sv.algo_enum == sv_ps) ? usexmapentries[sv.indices[ie]] : xmapentries[sv.indices[ie]];
      double p = (ie == 0 ? sv.refstart : sv.refstop); //translocation breakpoint on entry1
      if(0 && DEBUG && !(p == entry1->refstartpos || p == entry1->refendpos)){/* NOTE : this condition is not true for translocation called by one MG overlapping insertion in other MG */
	printf("indp=%d,numsv=%d: sv.algo_enum= %d, sv.refstart= %0.3f, sv.refstop= %0.3f kb, sv.indices[ie=%d] = %d\n",
	       indp,numsv,sv.algo_enum,sv.refstart*1e-3,sv.refstop*1e-3,ie,sv.indices[ie]);
	fflush(stdout);
	assert(p == entry1->refstartpos || p == entry1->refendpos);
      }

      for(int i= 0; i < numXMAPentries; i++) {
	xmapEntry *pxmap = XMAPentries[i];
	if(!pxmap->output)
	  continue;// NEW148: skip XMAPs that will NOT be output

	if( pxmap->refcontigid != entry1->refcontigid || //must overlap on reference
	    pxmap->qrycontigid == entry1->qrycontigid ) { //a contig cannot overlap itself
	  //printf("Skipping xmapEntry %i\n", pxmap->xmapid); //debug
	  continue;
	}

	//The condition below is too loose: nearby alignments shouldn't count as overlap because, eg, the other side
	// of the translocation is close enough to cause it to be called overlap in this case when it should not
	//instead, require entire region of p+-buf to be spanned
	if( pxmap->refstartpos > p - translocation_overlap_buf ||
	    pxmap->refendpos   < p + translocation_overlap_buf ) 
	//if( !overlapPoint(pxmap->refstartpos-translocation_overlap_buf,
	//		  pxmap->refendpos+translocation_overlap_buf, p) )
	  continue;

	// HERE HERE : mappings from usexmapentries[xi] to xmapentries[yi] should be precomputed for better performance

#if LATE_ZYGOSITY == 0
	int xi = i;
#else
	/* locate xi s.t. XMAPentries[i] == usexmapentries[xi] (may not be present) */
	int xi = -1;
	for(int t = 0; t < smapsize; t++)
	  if(usexmapentries[t] == pxmap){
	    xi = t;
	    break;
	  }
#endif
	if(VERB>=2){
	  if(xi >= 0)
	    printf("translocationOverlap: indp=%4i ie=%i: qryid= %4lld, refid= %2lld: ref= %0.3f .. %0.3f kb (p= %0.3f kb): i=%4i, xi=%d (qryid= %4lld ref= %0.3f .. %0.3f kb)\n", 
		   indp, ie, entry1->qrycontigid, entry1->refcontigid, entry1->refstartpos * 1e-3, entry1->refendpos* 1e-3, p * 1e-3, i, xi, pxmap->qrycontigid, pxmap->refstartpos*1e-3, pxmap->refendpos*1e-3);
	  else
	    printf("translocationOverlap: indp=%4i ie=%i: qryid= %4lld, refid= %2lld: ref= %0.3f .. %0.3f kb (p= %0.3f kb): i=%4i (qryid= %4lld ref= %0.3f .. %0.3f kb)\n", 
		   indp, ie, entry1->qrycontigid, entry1->refcontigid, entry1->refstartpos * 1e-3, entry1->refendpos* 1e-3, p * 1e-3, i, pxmap->qrycontigid, pxmap->refstartpos*1e-3, pxmap->refendpos*1e-3);
	  fflush(stdout);
	}

	if(xi < 0){/* XMAPentries[i] cannot be part of a translocation call */
	  sv.alignment_overlap = true;
	  break; //once one overlap is found, no need to check for more (bool) -- this is only if no indel overlap
	}

	//now must check if this xmap entry is part of a translocation because
	// if it has a similar breakpoint, then the alignment overlap doesn't count
	bool haveoverlap = true;

	for(int indr= 0; indr < numsv; indr++) { //same as outer loop
	  structuralVariation &sv2 = sv_array[indr];

	  //only interested in xmap entry xi: must be translocation
	  if( (sv2.type_enum != intrachr_translocation &&
	       sv2.type_enum != interchr_translocation) ||
	      sv2.duplicate || indp == indr || //sv can't overlap itself
	      (sv2.indices[0] != xi && sv2.indices[1] != xi) )
	    //pxmap->refcontigid != sv2.refcontigid1 ) //must be on same ref
	    continue;
	  
	  xmapEntry *entry2 = 0; //not really necessary (only used in assertion)
	  double p2 = 0;
	  if( sv2.indices[0] == xi ) {
	    entry2 = usexmapentries[sv2.indices[0]];
	    p2 = sv2.refstart;
	  } else if( sv2.indices[1] == xi ) {
	    entry2 = usexmapentries[sv2.indices[1]];
	    p2 = sv2.refstop;
	  } else
	    assert(0); //dummy check

	  if(DEBUG && pxmap->xmapid != entry2->xmapid){
	    printf("translocationOverlap: indp=%4i ie=%i: qryid= %4lld, refid= %2lld: ref= %0.3f .. %0.3f kb (p= %0.3f kb): i=%4i, xi=%d (qryid= %4lld ref= %0.3f .. %0.3f kb)\n", 
		   indp, ie, entry1->qrycontigid, entry1->refcontigid, entry1->refstartpos * 1e-3, entry1->refendpos* 1e-3, p * 1e-3, i, xi, pxmap->qrycontigid, pxmap->refstartpos*1e-3, pxmap->refendpos*1e-3);
	    printf("\t pxmap->xmapid= %d, entry2->xmapid= %d, pxmap= %p, entry2= %p\n",pxmap->xmapid,entry2->xmapid, pxmap, entry2);
	    fflush(stdout);
	    assert( pxmap->xmapid == entry2->xmapid ); //dummy check: index checked above
	  }

	  //must require that the breakpoint from indr (p2) is near the breakpoint from indp (p)
	  //otherwise, the alignment overlap still counts because the two translocation breakpoints are not similar
	  //within 2*overlapbuf is a bit loose, but better to make it too large rather than too small
	  bool ovlp = overlap( p-translocation_overlap_buf, p+translocation_overlap_buf,
			       p2-translocation_overlap_buf, p2+translocation_overlap_buf );
	  if( ovlp ) {
	    haveoverlap = false;
	    printf("translocationOverlap: sv2: %i: gm %4lld chr %2lld, %.1f; chr %2lld, %.1f\n", indr+1, entry2->qrycontigid, sv2.refcontigid1, sv2.refstart, sv2.refcontigid2, sv2.refstop);
	    break; //since haveoverlap is false, nothing else can change
	  }
	} //end loop on sv2

	if( haveoverlap ) {
	  sv.alignment_overlap = haveoverlap; 
	  break; //once one overlap is found, no need to check for more (bool) -- this is only if no indel overlap
	}

      } //end for all xmap entries
    } //end for translocation breakpoints
  } //end for svs
} //end alignmentOverlapTranslocation


//analogous to alignmentOverlap, but for inversions
void alignmentOverlapInversion(xmapEntry **XMAPentries, int numXMAPentries) {// NOTE : XMAPentries[] could be usexmapentries[] or xmapentries[]

  if( !smap_zygosity )
    return;

#if LATE_ZYGOSITY==0
  assert(XMAPentries == usexmapentries);
#else
  assert(XMAPentries == xmapentries);
#endif

  for(int indp=0; indp < numsv; indp++) {
    structuralVariation &sv = sv_array[indp];

    if( (sv.type_enum != inversion_type &&
	 sv.type_enum != inversion_small_type)
	|| sv.duplicate ) {
      //printf("Skipping sv %i\n", indp+1); //debug
      continue;
    }

    int i1 = (sv.link_index == sv.indices[0] ? sv.indices[1] : sv.indices[0]); //the non inverted mg
    xmapEntry *entry1 = (sv.algo_enum == sv_ps) ? usexmapentries[i1] : xmapentries[i1];
    //for inversions, require overlap of both breakpoints separately
    bool ovlp_start = false, ovlp_end = false;

    for(int i= 0; i < numXMAPentries; i++) {
      xmapEntry *pxmap = XMAPentries[i];
      if(!pxmap->output)
	continue;// NEW148: skip XMAPs that will NOT be output

      if( pxmap->refcontigid != entry1->refcontigid || //must overlap on reference
	  pxmap->qrycontigid == entry1->qrycontigid ) { //a contig cannot overlap itself
	//printf("Skipping xmapEntry %i\n", pxmap->xmapid); //debug
	continue;
      }
      //currently not actually using both, just as an ||
      bool thisovlp_start = (pxmap->refstartpos < sv.refstart - translocation_overlap_buf &&
			     pxmap->refendpos   > sv.refstart + translocation_overlap_buf );
      bool thisovlp_end   = (pxmap->refstartpos < sv.refstop - translocation_overlap_buf &&
			     pxmap->refendpos   > sv.refstop + translocation_overlap_buf );

      if( !thisovlp_start && !thisovlp_end )
	continue;

#if LATE_ZYGOSITY == 0
      /* locate yi s.t. XMAPentries[i] == xmapentries[yi] (may not be present) */
      int xi = i;
      int yi = -1;
      for(int t = 0; t < numxmapentries; t++)
	if(xmapentries[t] == pxmap){
	  yi = t;
	  break;
	}
#else
      /* locate xi s.t. XMAPentries[i] == usexmapentries[xi] (may not be present) */
      int yi = i;
      int xi = -1;
      for(int t = 0; t < smapsize; t++)
	if(usexmapentries[t] == pxmap){
	  xi = t;
	  break;
	}
#endif

      if(VERB >= 2){
	printf("inversionOverlap : indp=%4i(xid=%d,%d): qryid=%4lld refid=%2lld: ref=%0.3f .. %0.3f kb: i=%4i,xi=%d,yi=%d: qryid=%4lld ref=%0.3f ... %0.3f kb\n", 
	       indp, sv.indices[0], sv.indices[1], entry1->qrycontigid, entry1->refcontigid, entry1->refstartpos*1e-3, entry1->refendpos*1e-3, 
	       i, xi, yi, pxmap->qrycontigid, pxmap->refstartpos*1e-3, pxmap->refendpos*1e-3);
	fflush(stdout);
      }

      //if this xmapentry is part of an inversion which is 'similar', then the overlap doesn't count (exclude)
      int indr=0;
      structuralVariation *sv2 = NULL;
      for(; indr < numsv; indr++) { //same as outer loop
	structuralVariation &svr = sv_array[indr];
	//only interested in xmap entry xi (or yi): must be inversion which is 'close' to whichever of thisovlp_start/end
	// in order for overlap to not count (because that will be counted as inversion overlap inversion)
	if( (svr.type_enum != inversion_type &&
	     svr.type_enum != inversion_small_type) ||
	    svr.duplicate || indp == indr ) //sv can't overlap itself
	  continue;

	sv2 = &svr;
	xmapEntry *entry2 = (sv2->algo_enum == sv_ps) ? usexmapentries[sv2->indices[0]] : xmapentries[sv2->indices[0]];
	//though checking xi is correct, a necessary condition is the GM must be different
	if( entry2->qrycontigid == entry1->qrycontigid ) 
	  continue;
	//normal inversion:
	if( sv2->type_enum == inversion_type ) {// use xi index
	  if( sv2->indices[0] != xi && sv2->indices[1] != xi ) //this sv must be on xi in order to exclude
	    continue;
	}
	if(sv2->type_enum == inversion_small_type){// use yi index
	  if( sv2->indices[0] != yi && sv2->indices[1] != yi ) //this sv must be on yi in order to exclude
	    continue;
        }

	//check if it is 'close': any overlap from start-stop +- 50 kb is 'close' enough
	if( overlap(min(sv.refstart, sv.refstop)-translocation_overlap_buf,
		    max(sv.refstart, sv.refstop)+translocation_overlap_buf,
		    min(sv2->refstart, sv2->refstop)-translocation_overlap_buf,
		    max(sv2->refstart, sv2->refstop)+translocation_overlap_buf) ) {
	  thisovlp_start = thisovlp_end = false;
	  break;
	}
	
      } //inner sv loop
      
      if(sv2 == NULL)/* NEW72 : this happens if there is only one inversion SV */
	break;

      if(DEBUG>=1+RELEASE) assert(sv2 != NULL);

      if( !thisovlp_start && !thisovlp_end ){ //this means overlap was excluded
	if(VERB>=2){
	  printf("inversionOverlap2: %4i: chr %2lld: %10.1f %10.1f idx: %i %i\n", indr+1, sv2->refcontigid1, sv2->refstart, sv2->refstop, sv2->indices[0], sv2->indices[1]);
	  fflush(stdout);
	}
      } else {
	ovlp_start = (ovlp_start || thisovlp_start);
	ovlp_end   = (ovlp_end   || thisovlp_end);
      }

    } //xmapentries

    if( ovlp_start && ovlp_end )
      sv.alignment_overlap = true;

  } //outer sv loop
} //end alignmentOverlapInversion

// Check all svs (sv_array) for overlap with all alignments in usexmapentries
// For the purpose of zygosity calling, a single contig can't have two alleles
// usexmapentries must be the overlap-filtered array created in output_smap
// Currently only check indels; if overlap found, check that there is not
// also an indel at the same location (to avoid redundancy with svOverlap)

void alignmentOverlap(xmapEntry **XMAPentries, int numXMAPentries) {// NOTE : XMAPentries[] could be usexmapentries[] or xmapentries[]

  if( !smap_zygosity )
    return;

#if LATE_ZYGOSITY==0
  assert(XMAPentries == usexmapentries);
#else
  assert(XMAPentries == xmapentries);
#endif

  for(int indp = 0; indp < numsv; indp++) {
    structuralVariation &sv = sv_array[indp];// Thomas : use reference, rather than deep copy

    //only check indels, also, do not bother for duplicates
    if( (sv.type_enum != insertion && sv.type_enum != deletion && sv.type_enum != compression) ||
	sv.duplicate ) {
      //printf("Skipping sv %i\n", indp+1); //debug
      continue;
    }

    if(DEBUG>=2 && !(sv.refstart <= sv.refstop) ) {    // refstart can be == refstop, otherwise must be < -- not used until overlapLength call
      printf("ERROR: sv : %i, %.1f - %.1f; xmapids %i %i\n", indp+1, sv.refstart, sv.refstop, sv.xmapid1, sv.xmapid2);
      fflush(stdout);
      assert(sv.refstart <= sv.refstop);
    }

    //if equal, add 1.0 bp so that overlapLength returns 1.0; otherwise it would return 0.0 and these calls would be misclassified
    double stop = sv.refstop + (sv.refstart < sv.refstop ? 0.0 : 1.0);

    xmapEntry *entry1 = (sv.algo_enum == sv_ps) ? usexmapentries[sv.indices[0]] : xmapentries[sv.indices[0]];
    if(VERB>=2 && entry1->refcontigid == 21 && entry1->qrycontigid == 11){
      printf("sv %d, type=%d, ref= %0.3f .. %0.3f(%0.3f) kb, xmapid=%d,%d, refid= %lld, qryid= %lld: checking for overlapping xmapids\n",
	     indp+1,sv.type_enum,sv.refstart*1e-3,sv.refstop*1e-3,stop*1e-3,sv.xmapid1,sv.xmapid2, entry1->refcontigid, entry1->qrycontigid);
      fflush(stdout);
    }

    for(int xi= 0; xi < numXMAPentries; xi++) {
      xmapEntry *pxmap =  XMAPentries[xi];
      if(!pxmap->output)
	continue;// NEW148 : skip matchgroups that will not be output (for whatever reason)

      if( pxmap->refcontigid != sv.refcontigid1 || //must overlap on reference
	  pxmap->qrycontigid == entry1->qrycontigid ) { //a contig cannot overlap itself
	if(VERB>=2 && entry1->refcontigid == 21 && entry1->qrycontigid == 11 && pxmap->qrycontigid == 35 && pxmap->refcontigid == 21){
	  printf("\t xi=%d/%d: refid=%lld,qryid=%lld, ref= %0.3f .. %0.3f kb: skipping due to mismatched contig ids\n", 
		 xi, numXMAPentries, pxmap->refcontigid,pxmap->qrycontigid,pxmap->refstartpos*1e-3,pxmap->refendpos*1e-3);	  
	  fflush(stdout);
	}

	continue;
      }

      double ovlp = overlapLength( min(pxmap->refstartpos, pxmap->refendpos),
				   max(pxmap->refstartpos, pxmap->refendpos),
				   sv.refstart, stop);

      if( ovlp <= 0.0 ){
	if(VERB>=2 && entry1->refcontigid == 21 && entry1->qrycontigid == 11 && pxmap->qrycontigid == 35){
	  printf("\t xi=%d: refid=%lld,qryid=%lld, ref= %0.3f .. %0.3f kb, overlap= %0.3f kb : skipping\n", xi, pxmap->refcontigid,pxmap->qrycontigid,pxmap->refstartpos*1e-3,pxmap->refendpos*1e-3,ovlp*1e-3);
	  fflush(stdout);
	}
	continue;
      }
      
      double denom = fabs(stop - sv.refstart); //overlap is a fraction of the sv's size on reference

      //postpone print until after sv overlap check (?) -- just print both separately

      //can move this above printf immediately above if don't want to see partial overlaps
      if( ovlp < denom * smap_Indel_Ref_Alignment_OverlapFrac /* WAS28 sv_overlap_frac */ ) {
	if(VERB>=2 && entry1->refcontigid == 21 && entry1->qrycontigid == 11){
	  printf("\t alignmentOverlap: sv= %i, type=%d, ref=%.3f - %.3f jb; xmapid1= %i, ref=%.3f - %.3f kb; ovlp: %.3f, %0.3f kb, ratio= %.6f, thresh= %0.3f: failed, skipping\n", 
		 indp+1, sv.type_enum,sv.refstart*1e-3, sv.refstop*1e-3, pxmap->xmapid, pxmap->refstartpos*1e-3, pxmap->refendpos*1e-3, ovlp*1e-3, denom*1e-3, ovlp/denom, smap_Indel_Ref_Alignment_OverlapFrac);
	  fflush(stdout);
	}

	continue;
      }

      if(VERB>=2 && entry1->refcontigid == 21 && entry1->qrycontigid == 11){
	printf("\t alignmentOverlap: sv= %i, type=%d, ref=%.3f - %.3f jb; xmapid1= %i, ref=%.3f - %.3f kb; ovlp: %.3f, %0.3f kb, ratio= %.6f, thresh= %0.3f: passed, checking for sv overlap\n", 
	       indp+1, sv.type_enum,sv.refstart*1e-3, sv.refstop*1e-3, pxmap->xmapid, pxmap->refstartpos*1e-3, pxmap->refendpos*1e-3, ovlp*1e-3, denom*1e-3, ovlp/denom, smap_Indel_Ref_Alignment_OverlapFrac);
	fflush(stdout);
      }
      bool haveoverlap = true;

      //need to check for -indel overlap on this alignment bc if there is one,
      // it's an sv overlap, not an indel overlap--don't want to double count
      //only -indel can be in the middle of a matchgroup, so only these are possible
      for(int indr = 0; indr < numsv; indr++) { //same as outer loop
	structuralVariation &sv2 = sv_array[indr];

	//the type_enum and duplicate checking are not necessary since these are always true and
	// false respectively for -indel calls (just check algo_enum instead)
	//if( svr.algo_enum != sv_indel
	//change this: for the case of both split indel and alignment overlap on the same GM, do not
	// count the alignment overlap--only the sv overlap.


	if( (sv2.type_enum != insertion && sv2.type_enum != deletion && sv2.type_enum != compression) ||
	    sv2.duplicate || indp == indr || //sv can't overlap itself
	    pxmap->refcontigid != sv2.refcontigid1 ) //must be on same ref
	  continue;

	xmapEntry *entry2 = (sv2.algo_enum == sv_ps) ? usexmapentries[sv2.indices[1]] : xmapentries[sv2.indices[1]];

	if( pxmap->qrycontigid != entry2->qrycontigid ) //must be same query contig
	  continue;
	
	//check if these two svs are candidates for 'the same' (and therefore the alignment overlap is redundant):
	ovlp = overlapLength( sv.refstart, stop, sv2.refstart, sv2.refstop );
	
	if( ovlp > smap_Indel_Ref_SV_Overlap /* WAS28 0 */ ) {
	  haveoverlap = false;
	  if(VERB>=2 && entry1->refcontigid == 21 && entry1->qrycontigid == 11){
	    printf("\t SVoverlap: sv2=%i,type=%d, ref= %.3f .. %.3f kb; ovlp= %0.4f kb\n", indr+1, sv2.type_enum,sv2.refstart*1e-3, sv2.refstop*1e-3, ovlp*1e-3);
	    fflush(stdout);
	  }
	  break; //since haveoverlap is false, nothing else can change
	}
      } //end loop on sv2

      if( haveoverlap ) {
	sv.alignment_overlap = haveoverlap; 
	if(VERB>=2 && entry1->refcontigid == 21 && entry1->qrycontigid == 11){
	  printf("\t alignmentOverlap confirmed: sv= %d, type= %d, ref= %0.3f .. %0.3f kb\n",indp+1,sv.type_enum,sv.refstart*1e-3,sv.refstop*1e-3);
	  fflush(stdout);
	}
	break; //once one overlap is found, no need to check for more (bool) -- this is only if no indel overlap
      }
    } //end loop on usexmapentries
  } //end loop on svs
} //end alignmentOverlap


int oppositeGenotype(int g1) {
  if( g1 == 1 )
    return 2;
  else if( g1 == 2 )
    return 1;
  printf("Invalid genotype: %i\n", g1);
  assert(false);
}


// call zygosity using overlap of SVs with each other which are called on
// different contigs--originally indels only, add translocations
// here overlap is in reference coordinates, like alignmentOverlap
// Indels are only compared if RefOverlap exceeds smap_Indel_Ref_SV_Overlap (defaults to -20kb)
// Result of comparision are stored in indel_overlap data member of sv objects
//   There are two types of results: 'same', ie, An indel which appears
//     to be the same indel on a different contig, and 'different': overlapping an indel which is not the same.
//   Similarity of Indels is based on having the same type and an Indel sizes ratio (smaller/larger) exceeding smap_Indel_Size_MatchRation (defaults to 0.8)
//
// Interpretation of overlap:
// 0: no overlap
// 1: overlap same and not different 
// 2: overlap different and not same 
// 3: overlap both same and different OR multiple different
//see structuralVariation.getZygosity for how this is interpreted
//also add genotype (-1, 1, or 2) and genotypeGroup for overlapping indels
void svOverlap(xmapEntry **usexmapentries, int numxmapent) {

  if( !smap_zygosity )
    return;

  int smap_genotype_ngroup = 0; //count number of genotypeGroups

  for(int indp=0; indp < numsv; indp++) {
    structuralVariation &sv = sv_array[indp];

    if( DEBUG>=1+RELEASE && (sv.type_enum == insertion || sv.type_enum == deletion || sv.type_enum == compression) &&
	!sv.duplicate && sv.confidence < 0 ) { //dummy check that confidence was set--may be redundant?
      printf("WARNING in svOverlap: sv %i, %i: SVconf=%f: %2lld %10.1f %10.1f %10.1f\n", indp+1, sv.algo_enum, sv.confidence, sv.refcontigid1, sv.refstart, sv.refstop, sv.querysize);
      fflush(stdout);
      //assert(sv.confidence >= 0);
    }

    //now checking translocations and inversions, too; do not bother for duplicates or overlaps (exclude)
    //if this indel is already overlapping both types, nothing more to check
    //also do not consider indels which do not pass the confidence threshold
    if( sv.duplicate || sv.exclude || sv.indel_overlap == 3 )
      continue;

    bool isindel = (sv.type_enum == insertion || sv.type_enum == deletion || sv.type_enum == compression);
    bool istrans = (sv.type_enum == intrachr_translocation ||
		    sv.type_enum == interchr_translocation );
    bool isinv   = (sv.type_enum == inversion_type ||
		    sv.type_enum == inversion_small_type);

    if( isindel && sv.confidence < smap_min_conf )
      continue;

    if( !isindel && !istrans && !isinv )
      continue;

    xmapEntry *entry1 = (sv.algo_enum == sv_ps) ? usexmapentries[sv.indices[0]] : xmapentries[sv.indices[0]];
    
    for(int indr = indp+1; indr < numsv; indr++) { //compare to subsequent; cannot skip based on existing overlap
      if( (isindel && sv_array[indr].type_enum != insertion && sv_array[indr].type_enum != deletion && sv_array[indr].type_enum != compression) ||
	  (istrans && sv_array[indr].type_enum != intrachr_translocation && sv_array[indr].type_enum != interchr_translocation ) ||
	  (isinv   && sv_array[indr].type_enum != inversion_type && sv_array[indr].type_enum != inversion_small_type) ||
	  sv_array[indr].duplicate || sv_array[indr].exclude ||
	  //careful with refcontigids: for indels and inversions, 1==2, so just check 1; for trans, either matching is enough
	  ((isindel || isinv) && sv.refcontigid1 != sv_array[indr].refcontigid1) ||
	  (istrans && sv.refcontigid1 != sv_array[indr].refcontigid1 &&
	   sv.refcontigid2 != sv_array[indr].refcontigid2) ||
	  (isindel && sv_array[indr].confidence < smap_min_conf) )
	continue;

      structuralVariation &sv2 = sv_array[indr];
      xmapEntry *entry2 = (sv2.algo_enum == sv_ps) ? usexmapentries[sv2.indices[0]] : xmapentries[sv2.indices[0]];
      if( entry1->qrycontigid == entry2->qrycontigid ) //no overlap allowed on same contig
	continue;

      bool same = false;
      double ovlp=0, IndelRatio=0;
      bool ol1=0, ol2=0, d11=0, d21=0, d12=0, d22=0;
      if( isindel ) {
	//same as in alignmentOverlap: these two svs are candidates for 'the same' if overlap length exceeds smap_Indel_Ref_SV_Overlap (kb).
	ovlp = overlapLength( sv.refstart, sv.refstop, sv2.refstart, sv2.refstop );
	if( ovlp <= smap_Indel_Ref_SV_Overlap /* WAS28 0. */ ) //nothing to do if insufficient overlap
	  continue;

	// NOTE: refsize and querysize are in bp for *internal outliers* and in kb for *split indels* (convert to kb here)
	double ref_size1 = sv.refsize * (sv.algo_enum == sv_ps ? 1.0 : 1.0e-3);
	double ref_size2 = sv2.refsize * (sv.algo_enum == sv_ps ? 1.0 : 1.0e-3);
	double qry_size1 = sv.querysize  * (sv.algo_enum  == sv_ps ? 1.0 : 1.0e-3);
	double qry_size2 = sv2.querysize * (sv2.algo_enum == sv_ps ? 1.0 : 1.0e-3);
	double Indel_size1 = fabs(ref_size1 - qry_size1);
	double Indel_size2 = fabs(ref_size2 - qry_size2);

	IndelRatio = min(Indel_size1,Indel_size2)/max(0.001,max(Indel_size1, Indel_size2));

	//'same' means that Indel size ratio must be at least 80% and same type : Insertion of same size as deletion is NOT the same
	same = (sv.type_enum == sv2.type_enum && 
		ovlp > smap_Indel_Ref_SV_Overlap + ((smap_Del_Ref_SV_OverlapIncrease && (sv.type_enum == deletion || sv.type_enum == compression)) ? 0.5*(Indel_size1 + Indel_size2) : 0.0)/* WAS28 ovlp/denom > 0.8 */ &&
		IndelRatio > smap_Indel_Size_MatchRatio /* WAS28 qryratio > 0.8 */); 
      } else if( istrans ) {
	//translocations: breakpoints must be similar AND in the same direction (ie, not reciprocal) to be same
	//do nothing if at least one breakpoint is not in common: match criteria in alignmentOverlapTranslocation,
	// namely, that breakpoints are within twice translocation_overlap_buf (refcontigid checked above)
	double p11 = sv.refstart, p12 = sv.refstop, p21 = sv2.refstart, p22 = sv2.refstop;
	ol1 = overlap( p11-translocation_overlap_buf, p11+translocation_overlap_buf,
		       p21-translocation_overlap_buf, p21+translocation_overlap_buf );
	//printf("svOverlap: sv0 %4i: %10.1f - %10.1f; %10.1f - %10.1f : %i\n",
	//       p11-translocation_overlap_buf, p11+translocation_overlap_buf,
	//       p21-translocation_overlap_buf, p21+translocation_overlap_buf, ol1 );
	ol2 = overlap( p12-translocation_overlap_buf, p12+translocation_overlap_buf,
		       p22-translocation_overlap_buf, p22+translocation_overlap_buf );
	//don't forget to also require the same chromosome (above is just one in common)
	ol1 = ol1 && sv.refcontigid1 == sv2.refcontigid1;
	ol2 = ol2 && sv.refcontigid2 == sv2.refcontigid2;
	if( !ol1 && !ol2 )
	  continue;
	if( ol1 && ol2 ) { //must satisfy this to be same
	  //get directions: each mg is either right or left of each bp
	  d11 = ( entry1->refstartpos == p11 ); //first mg on first trans
	  d21 = ( usexmapentries[sv.indices[1]]->refstartpos == p12 ); //second mg on first trans
	  d12 = ( entry2->refstartpos == p21 ); //first mg on second trans
	  d22 = ( usexmapentries[sv2.indices[1]]->refstartpos == p22 ); //second mg on second trans
	  same = (d11 == d12 && d21 == d22);
	}
